[array([[-1., -1., -1., ..., -1., -1., -1.],
       [-1., -1., -1., ..., -1., -1., -1.],
       [-1., -1., -1., ..., -1., -1., -1.],
       ...,
       [-1., -1., -1., ..., -1., -1., -1.],
       [-1., -1., -1., ..., -1., -1., -1.],
       [-1., -1., -1., ..., -1., -1., -1.]]), 1]
[array([[-1., -1., -1., ..., -1., -1., -1.],
       [-1., -1.,  0., ..., -1., -1., -1.],
       [-1., -1., -1., ..., -1., -1., -1.],
       ...,
       [-1., -1., -1., ..., -1., -1., -1.],
       [-1., -1., -1., ..., -1., -1.,  0.],
       [-1., -1., -1., ..., -1., -1., -1.]]), 2]
[array([[-1., -1., -1., ..., -1., -1., -1.],
       [-1., -1., -1., ..., -1., -1., -1.],
       [-1., -1., -1., ..., -1., -1., -1.],
       ...,
       [-1., -1., -1., ..., -1., -1., -1.],
       [-1., -1., -1., ..., -1., -1., -1.],
       [-1., -1., -1., ..., -1., -1., -1.]]), 3]
[array([[-1., -1., -1., ..., -1.,  0., -1.],
       [-1., -1., -1., ..., -1., -1., -1.],
       [-1., -1., -1., ..., -1., -1., -1.],
       ...,
       [-1., -1., -1., ..., -1., -1., -1.],
       [-1., -1., -1., ..., -1., -1., -1.],
       [-1., -1., -1., ..., -1., -1., -1.]]), 4]
[array([[-1., -1., -1., ..., -1., -1., -1.],
       [-1., -1., -1., ..., -1., -1., -1.],
       [-1., -1., -1., ..., -1., -1., -1.],
       ...,
       [-1., -1., -1., ..., -1., -1., -1.],
       [-1., -1., -1., ..., -1., -1., -1.],
       [-1., -1., -1., ..., -1., -1., -1.]]), 6]
[array([[-1., -1., -1., ..., -1., -1., -1.],
       [-1., -1., -1., ..., -1., -1., -1.],
       [-1., -1., -1., ..., -1., -1., -1.],
       ...,
       [-1., -1., -1., ..., -1., -1., -1.],
       [-1., -1., -1., ..., -1., -1., -1.],
       [-1., -1., -1., ..., -1., -1., -1.]]), 12]
[array([[-1., -1., -1., ..., -1., -1., -1.],
       [-1.,  0., -1., ..., -1., -1., -1.],
       [-1., -1., -1., ..., -1., -1.,  0.],
       ...,
       [-1., -1., -1., ..., -1., -1., -1.],
       [ 0., -1., -1., ..., -1., -1., -1.],
       [-1., -1., -1., ..., -1., -1., -1.]]), 25]
[array([[-1., -1., -1., ..., -1., -1., -1.],
       [ 0.,  0., -1., ..., -1., -1., -1.],
       [-1., -1.,  0., ..., -1., -1., -1.],
       ...,
       [ 0., -1., -1., ..., -1., -1., -1.],
       [-1., -1., -1., ..., -1., -1., -1.],
       [-1.,  0., -1., ..., -1.,  0., -1.]]), 52]
[array([[0., 0., 0., ..., 0., 0., 0.],
       [0., 0., 0., ..., 0., 0., 0.],
       [0., 0., 0., ..., 0., 0., 0.],
       ...,
       [0., 0., 0., ..., 0., 0., 0.],
       [0., 0., 0., ..., 0., 0., 0.],
       [0., 0., 0., ..., 0., 0., 0.]]), 365]
